340
0
3,2,0,4294967292
0
3,2,1,4294967293
0
3,0,0,0
7991000
3,2,0,4294967289
0
3,2,1,4294967292
0
3,0,0,0
8000000
3,2,0,4294967288
0
3,2,1,4294967293
0
3,0,0,0
7968000
3,2,0,4294967286
0
3,2,1,4294967293
0
3,0,0,0
8032000
3,2,0,4294967285
0
3,2,1,4294967293
0
3,0,0,0
7965000
3,2,0,4294967284
0
3,2,1,4294967291
0
3,0,0,0
8003000
3,2,0,4294967283
0
3,2,1,4294967291
0
3,0,0,0
7997000
3,2,0,4294967281
0
3,2,1,4294967290
0
3,0,0,0
8002000
3,2,0,4294967279
0
3,2,1,4294967289
0
3,0,0,0
7999000
3,2,0,4294967278
0
3,2,1,4294967288
0
3,0,0,0
7999000
3,2,0,4294967277
0
3,2,1,4294967289
0
3,0,0,0
8000000
3,2,0,4294967277
0
3,2,1,4294967287
0
3,0,0,0
7996000
3,2,0,4294967275
0
3,2,1,4294967287
0
3,0,0,0
8040000
3,2,0,4294967276
0
3,2,1,4294967287
0
3,0,0,0
7961000
3,2,0,4294967273
0
3,2,1,4294967284
0
3,0,0,0
8036000
3,2,0,4294967268
0
3,2,1,4294967282
0
3,0,0,0
7996000
3,2,0,4294967269
0
3,2,1,4294967281
0
3,0,0,0
7967000
3,2,0,4294967265
0
3,2,1,4294967277
0
3,0,0,0
8032000
3,2,0,4294967264
0
3,2,1,4294967278
0
3,0,0,0
7998000
3,2,0,4294967266
0
3,2,1,4294967277
0
3,0,0,0
8000000
3,2,0,4294967270
0
3,2,1,4294967282
0
3,0,0,0
7971000
3,2,0,4294967272
0
3,2,1,4294967283
0
3,0,0,0
8031000
3,2,0,4294967272
0
3,2,1,4294967283
0
3,0,0,0
7971000
3,2,0,4294967275
0
3,2,1,4294967284
0
3,0,0,0
7996000
3,2,0,4294967277
0
3,2,1,4294967285
0
3,0,0,0
8002000
3,2,0,4294967277
0
3,2,1,4294967286
0
3,0,0,0
8001000
3,2,0,4294967280
0
3,2,1,4294967286
0
3,0,0,0
7999000
3,2,0,4294967279
0
3,2,1,4294967286
0
3,0,0,0
8002000
3,2,0,4294967280
0
3,2,1,4294967288
0
3,0,0,0
7998000
3,2,0,4294967280
0
3,2,1,4294967286
0
3,0,0,0
8000000
3,2,0,4294967281
0
3,2,1,4294967287
0
3,0,0,0
7999000
3,2,0,4294967279
0
3,2,1,4294967287
0
3,0,0,0
7998000
3,2,0,4294967280
0
3,2,1,4294967287
0
3,0,0,0
8004000
3,2,0,4294967282
0
3,2,1,4294967287
0
3,0,0,0
7999000
3,2,0,4294967280
0
3,2,1,4294967288
0
3,0,0,0
8001000
3,2,0,4294967282
0
3,2,1,4294967288
0
3,0,0,0
8001000
3,2,0,4294967281
0
3,2,1,4294967290
0
3,0,0,0
7995000
3,2,0,4294967285
0
3,2,1,4294967289
0
3,0,0,0
8003000
3,2,0,4294967284
0
3,2,1,4294967290
0
3,0,0,0
7995000
3,2,0,4294967287
0
3,2,1,4294967290
0
3,0,0,0
8004000
3,2,0,4294967286
0
3,2,1,4294967291
0
3,0,0,0
8004000
3,2,0,4294967287
0
3,2,1,4294967291
0
3,0,0,0
7997000
3,2,0,4294967288
0
3,2,1,4294967290
0
3,0,0,0
8001000
3,2,0,4294967287
0
3,2,1,4294967290
0
3,0,0,0
7997000
3,2,0,4294967288
0
3,2,1,4294967291
0
3,0,0,0
8001000
3,2,0,4294967288
0
3,2,1,4294967291
0
3,0,0,0
8001000
3,2,0,4294967286
0
3,2,1,4294967289
0
3,0,0,0
7998000
3,2,0,4294967286
0
3,2,1,4294967290
0
3,0,0,0
8003000
3,2,0,4294967284
0
3,2,1,4294967288
0
3,0,0,0
8000000
3,2,0,4294967286
0
3,2,1,4294967289
0
3,0,0,0
7998000
3,2,0,4294967286
0
3,2,1,4294967289
0
3,0,0,0
8000000
3,2,0,4294967287
0
3,2,1,4294967289
0
3,0,0,0
7999000
3,2,0,4294967289
0
3,2,1,4294967290
0
3,0,0,0
8001000
3,2,0,4294967289
0
3,2,1,4294967290
0
3,0,0,0
8002000
3,2,0,4294967289
0
3,2,1,4294967289
0
3,0,0,0
7998000
3,2,0,4294967286
0
3,2,1,4294967287
0
3,0,0,0
8002000
3,2,0,4294967283
0
3,2,1,4294967285
0
3,0,0,0
7995000
3,2,0,4294967284
0
3,2,1,4294967286
0
3,0,0,0
8004000
3,2,0,4294967282
0
3,2,1,4294967285
0
3,0,0,0
7997000
3,2,0,4294967284
0
3,2,1,4294967288
0
3,0,0,0
8000000
3,2,0,4294967286
0
3,2,1,4294967288
0
3,0,0,0
8000000
3,2,0,4294967285
0
3,2,1,4294967288
0
3,0,0,0
8002000
3,2,0,4294967286
0
3,2,1,4294967288
0
3,0,0,0
8004000
3,2,0,4294967285
0
3,2,1,4294967286
0
3,0,0,0
7996000
3,2,0,4294967285
0
3,2,1,4294967287
0
3,0,0,0
7998000
3,2,0,4294967287
0
3,2,1,4294967288
0
3,0,0,0
8001000
3,2,0,4294967286
0
3,2,1,4294967289
0
3,0,0,0
7999000
3,2,0,4294967287
0
3,2,1,4294967289
0
3,0,0,0
8002000
3,2,0,4294967287
0
3,2,1,4294967288
0
3,0,0,0
7997000
3,2,0,4294967287
0
3,2,1,4294967289
0
3,0,0,0
8004000
3,2,0,4294967286
0
3,2,1,4294967287
0
3,0,0,0
8001000
3,2,0,4294967287
0
3,2,1,4294967288
0
3,0,0,0
8000000
3,2,0,4294967287
0
3,2,1,4294967289
0
3,0,0,0
7999000
3,2,0,4294967289
0
3,2,1,4294967291
0
3,0,0,0
8000000
3,2,0,4294967288
0
3,2,1,4294967290
0
3,0,0,0
7998000
3,2,0,4294967288
0
3,2,1,4294967291
0
3,0,0,0
8004000
3,2,0,4294967289
0
3,2,1,4294967292
0
3,0,0,0
7996000
3,2,0,4294967291
0
3,2,1,4294967293
0
3,0,0,0
8003000
3,2,0,4294967292
0
3,2,1,4294967294
0
3,0,0,0
8001000
3,2,0,4294967293
0
3,2,1,4294967294
0
3,0,0,0
8000000
3,2,0,4294967293
0
3,2,1,4294967294
0
3,0,0,0
7998000
3,2,0,4294967293
0
3,2,1,4294967295
0
3,0,0,0
7998000
3,2,0,4294967292
0
3,2,1,4294967294
0
3,0,0,0
8006000
3,2,0,4294967293
0
3,2,1,4294967294
0
3,0,0,0
7994000
3,2,0,4294967292
0
3,2,1,4294967294
0
3,0,0,0
8000000
3,2,0,4294967292
0
3,2,1,4294967293
0
3,0,0,0
8006000
3,2,0,4294967290
0
3,2,1,4294967293
0
3,0,0,0
7999000
3,2,0,4294967291
0
3,2,1,4294967293
0
3,0,0,0
7999000
3,2,0,4294967291
0
3,2,1,4294967293
0
3,0,0,0
7995000
3,2,0,4294967292
0
3,2,1,4294967294
0
3,0,0,0
8002000
3,2,0,4294967293
0
3,2,1,4294967294
0
3,0,0,0
8003000
3,2,0,4294967293
0
3,2,1,4294967294
0
3,0,0,0
7997000
3,2,0,4294967293
0
3,2,1,4294967294
0
3,0,0,0
8002000
3,2,0,4294967293
0
3,2,1,4294967294
0
3,0,0,0
7999000
3,2,0,4294967293
0
3,2,1,4294967294
0
3,0,0,0
8001000
3,2,0,4294967293
0
3,2,1,4294967294
0
3,0,0,0
8011000
3,2,0,4294967293
0
3,2,1,4294967294
0
3,0,0,0
15989000
3,2,0,4294967295
0
3,2,1,4294967295
0
3,0,0,0
15999000
3,2,0,4294967295
0
3,2,1,4294967295
0
3,0,0,0
7999000
3,2,0,4294967295
0
3,2,1,4294967295
0
3,0,0,0
8001000
3,2,0,4294967295
0
3,2,1,4294967295
0
3,0,0,0
8003000
3,2,0,4294967295
0
3,2,1,4294967295
0
3,0,0,0
8001000
3,2,0,4294967293
0
3,2,1,4294967294
0
3,0,0,0
7996000
3,2,0,4294967295
0
3,2,1,4294967295
0
3,0,0,0
8006000
3,2,0,4294967294
0
3,2,1,4294967294
0
3,0,0,0
7995000
3,2,0,4294967295
0
3,0,0,0
8000000
3,2,0,4294967294
0
3,2,1,4294967295
0
3,0,0,0
7996000
3,2,0,4294967295
0
3,2,1,4294967295
0
3,0,0,0
24006000
3,2,0,4294967295
0
3,2,1,4294967295
0
3,0,0,0
32037000
3,2,0,4294967294
0
3,2,1,4294967295
0
3,0,0,0
48000000
3,2,0,4294967295
0
3,2,1,4294967295
0
3,0,0,0
16000000
3,2,0,4294967295
0
3,0,0,0
7996000
3,2,0,4294967295
0
3,2,1,4294967295
0
3,0,0,0
96002000
3,2,0,4294967295
0
3,2,1,4294967295
0
3,0,0,0
